13
31
46
168
230
281
2001
2004
2005
2006
408
444
3003
452
493
781
782
813
826
832
2074
909
2078
1039
1072
2180
1119
1316
2365
1423
1440
1445
1461
2525
2542
2551
1571
1584
1618
2641
1657
1663
1666
1669
2699
1796
2820
1843
1865
2909
1992
4050
4054
4094
4122
4161
4162
5084
5085
4244
4257
4351
4369
109
280
285
369
388
422
3007
458
464
488
532
3045
3064
563
3074
578
598
619
638
639
695
3088
742
848
856
861
890
3096
1013
1019
1034
1047
1070
1104
1108
1185
1208
1214
3133
1250
1261
2276
2277
2278
2279
2280
2281
2283
1317
1322
2339
1352
1362
2395
1399
1438
1442
1466
1549
1593
3214
1605
3237
1687
3292
1789
1797
1835
1836
1842
1866
1870
1908
3319
1971
4052
4082
4176
4251
3389
3394
4349
4362
77
83
102
112
157
166
236
239
254
321
375
389
435
437
463
471
498
3019
3054
3062
564
574
617
3085
673
688
806
807
817
865
907
950
1011
1111
1162
1176
3125
1266
3159
1354
1363
1400
1450
1472
1516
1528
3215
1636
1744
1751
1758
1793
1804
3301
1819
1834
1845
1861
1872
1975
4000
4100
4124
4143
4160
4174
4226
4254
4270
4318
213
449
610
637
785
855
927
1473
1506
1582
1859
4192
3397
4357
217
294
343
360
3038
540
551
570
614
686
691
730
2073
884
977
2086
2087
2088
2089
2093
2094
2095
2096
2097
2113
2114
2176
2181
2182
2263
1304
1347
2400
2406
2429
2430
1422
2439
2440
2470
2471
1477
2478
2520
2523
1581
1586
2558
2559
2560
2561
2562
2570
3241
2640
2642
2643
2645
1660
2779
2821
2835
2840
3307
1888
2845
2846
1940
1950
2907
2915
2919
4104
5029
5032
5033
4203
5083
5086
5095
5125
5183
5186
5188
5236
5238
15
47
65
82
119
122
138
145
161
169
183
211
212
223
253
270
283
295
299
316
329
342
364
412
432
521
3023
2028
547
566
3067
594
609
3078
615
633
635
651
657
669
677
682
687
690
2054
2055
739
758
2065
799
812
2071
815
845
872
894
919
935
942
943
947
958
979
1005
1008
1038
1044
1046
3120
1155
1203
1267
3140
1342
2396
2405
2417
2425
2433
2450
2456
2461
2462
2463
2464
2465
2466
2473
2474
2475
2487
2491
2497
2500
2501
2502
2503
2504
2505
2506
2507
1498
2508
1505
2515
2516
2517
2519
1529
2528
2529
2530
2532
2533
2534
2535
2540
2541
2544
2545
2547
2548
2552
2553
2554
2555
1577
1585
2571
2580
2582
3248
2583
2584
2585
2586
1628
2630
1646
2653
2656
2662
2676
2677
2678
2681
2683
1689
2691
2694
2700
2702
2706
2708
2728
2729
2732
2733
2734
2735
2739
2736
2737
2738
3279
1731
2763
2766
2770
2771
2772
2775
2776
3287
2780
2781
2782
2786
2788
2789
2790
2791
2792
1810
2817
2824
2825
2828
2830
2832
2833
2836
2839
2841
1884
1911
2849
2850
2851
2852
2856
2858
1952
1968
2955
2961
2970
2971
5004
5007
5021
5023
5024
5025
5040
5041
5049
5050
4158
5051
5054
5055
5057
5067
5068
5069
5070
5074
5075
5076
5077
4193
5078
5079
5081
5082
5089
5091
5093
5111
5112
4240
5124
5128
5129
5131
5132
5135
5137
5140
5144
5145
5146
5147
5150
4301
3381
4305
4308
5189
5192
5260
5199
5201
5202
5204
5205
5213
5214
5215
5216
5217
5218
5219
5220
5221
5222
5223
4344
5224
5225
5226
5227
5228
3396
4353
5244
5245
5250
5251
5252
5259
3398
5262
4302
4142
4312
4206
4235
33
59
200
261
293
379
385
396
517
3025
2031
2040
665
719
2072
2077
2098
2099
2102
2178
1186
1276
2308
2309
2338
1374
2383
2399
2401
2403
2407
2410
2412
2413
2418
2419
2421
2422
2423
2428
1421
2431
2432
2442
2447
2457
3185
2486
2509
2510
2511
2514
2526
2566
3224
2613
2646
2672
3270
3271
2698
2760
1762
2778
2793
2855
2857
2873
2877
2923
2975
2980
2984
2985
4067
5022
5027
5028
5030
5031
4133
4134
3365
4145
4229
5133
5155
5157
5246
5247
5249
25
42
3060
608
661
711
747
837
916
972
3098
1092
1302
3176
3192
3200
3246
1619
3266
1700
1904
1958
3331
4023
3342
4046
3353
4087
3361
4106
4213
838
3108
1030
1080
1325
1338
1389
3178
1493
3226
3300
1882
1890
3337
4036
4044
4073
3352
4096
4260
126
207
933
976
3111
1017
1082
1205
1297
3183
1494
1495
1572
3263
1654
1896
3336
4037
3357
4090
4265
12
97
106
141
175
176
209
252
289
304
337
387
479
484
526
3075
586
600
607
3079
664
698
732
2050
2051
2052
2053
743
756
851
862
952
955
966
982
3114
1035
1043
3116
1062
1069
1074
1141
1195
1204
2200
2201
1223
2203
2204
2205
2206
2207
2209
2208
2211
2212
2214
2215
1241
3131
1249
1259
2251
2252
2253
2254
2255
2256
2257
2258
2259
2260
3139
2262
3143
1300
3150
1306
2294
2298
2299
2300
2301
2302
2303
2305
2306
2307
1344
1345
1359
2354
2355
2353
2357
2358
2359
2360
2361
2363
1381
1393
1460
1481
1539
1545
1551
1561
1595
1602
3220
3259
1609
2638
1679
1680
2684
2687
2689
2690
2692
2696
2765
3288
1785
3293
1806
1831
2819
1840
2902
4068
4084
4138
4177
4280
3377
4283
5178
5179
5180
3385
4337
3395
3388
4341
154
181
307
502
611
647
765
786
803
886
892
926
934
3093
1166
1213
1417
1427
1449
1504
1511
3276
225
235
506
572
1
16
110
150
177
180
214
370
391
425
3008
460
507
536
3044
541
3072
3089
857
880
897
969
980
3097
1020
1033
1042
1071
1076
1209
1271
3144
1311
1315
2362
1554
1560
3218
1686
2685
2686
2688
2693
2697
1750
1761
1833
1858
2876
2875
1973
2920
2921
3368
4165
4215
4259
3379
4284
5163
4294
4297
5181
3387
4338
140
153
503
810
887
924
957
1193
2197
1397
1426
1446
1533
4191
4224
32
71
94
96
101
152
251
383
433
490
573
613
656
671
2044
808
864
961
3122
1147
2195
2196
2236
2293
1348
2468
2556
1575
2573
2574
2576
2577
1640
2673
1664
2701
2720
2722
2740
1743
1814
2834
2844
1967
4062
4194
4201
4282
4365
4366
8
17
86
111
133
193
240
248
259
269
348
354
386
443
3036
3076
590
715
795
814
868
879
911
928
965
986
996
1121
1133
1191
1230
1277
1282
1367
1420
1518
3239
1688
3275
1705
1727
1737
1763
1854
1877
1880
1928
1930
1977
1998
4016
4018
4114
4119
4126
4135
4181
4184
4187
4234
4281
4289
4334
55
76
105
116
120
143
186
231
324
415
505
3040
2029
2038
624
694
697
1102
1154
1177
1341
1592
3244
1630
2724
2725
2726
1781
1927
2853
1987
5006
5019
5043
5045
5088
5099
5105
5110
4246
4252
5151
4310
4313
4333
4342
5263
78
115
194
227
242
262
276
351
373
427
438
478
509
3068
583
643
660
674
684
735
776
798
819
860
871
878
941
997
1025
1053
1110
1112
1129
1170
1188
3134
1278
3161
1368
1416
1469
1513
3199
3230
1633
3269
1681
1722
1729
1747
3283
1771
1800
1826
1850
1935
1960
1991
4116
4157
30
91
113
162
189
247
423
3028
3056
553
596
652
767
869
885
891
899
953
962
1002
1109
1125
1165
1217
1234
3135
3162
1418
1433
1476
1487
1520
1542
3197
1573
3238
1612
1662
3274
1732
1740
1766
1795
1828
1832
1997
4058
4173
4363
34
81
88
201
219
229
267
378
403
442
514
539
588
644
663
714
780
903
1000
3126
1254
1258
1273
1327
1366
1402
1462
1535
1562
1579
1600
3236
1615
1626
2632
1638
1675
1699
1711
3282
1741
1776
1808
1848
1849
1860
1868
1885
1932
2878
3324
4010
4035
4063
4112
4150
4230
5120
5121
4287
4304
5170
5171
5172
5173
5174
5175
5176
4319
4347
66
128
148
163
226
237
265
282
288
305
332
381
420
3009
461
468
529
568
592
636
670
705
821
834
846
893
3104
1018
1055
1089
1117
1163
1207
1216
2288
1310
1320
2349
2350
1388
2384
2385
2386
1407
1414
1454
1471
1475
1523
1537
1578
3231
1617
1703
1746
1757
1802
3302
1818
1841
1855
1912
1925
1976
4008
4057
4196
4216
4217
4218
4239
4278
5158
5166
4358
4361
3
64
73
84
139
178
208
272
315
374
418
448
450
3011
470
3031
534
556
565
567
584
604
616
622
675
679
3090
728
752
804
829
833
835
849
902
904
956
978
1012
1049
1169
1246
1264
1269
1314
2337
1357
1380
1435
1437
3172
1521
1548
1601
3212
1603
3260
1607
1668
1685
3289
1786
3295
1792
1863
3322
4015
4041
3347
4080
4102
4228
3376
4263
4277
4300
3382
3392
4345
7
22
43
325
357
405
3059
546
650
751
790
914
920
975
3103
2116
1090
3119
1142
1224
3153
3165
1364
3175
3191
1512
3201
3252
3264
1614
1642
1701
3296
1813
1895
3312
3315
1959
1994
3330
4028
3343
4051
3350
4097
3362
4110
4214
4372
4379
127
309
341
489
522
524
601
773
839
3100
1016
1081
1094
1139
1303
1324
1409
3179
1492
3251
1652
1875
1910
3335
4034
4038
4075
3349
4091
4170
4261
4279
4374
4376
24
284
326
356
384
410
2027
550
3082
788
830
901
915
921
940
2080
3099
988
1029
1106
1114
3121
1143
1198
1232
1263
1308
1326
3164
1371
3174
1468
3190
3194
1508
3205
3206
3209
3210
1591
3256
3265
1644
1691
1693
1716
1755
1788
3298
1815
1852
1891
1920
1953
4032
4108
4208
4354
4367
791
809
925
932
971
1040
1210
4
6
53
190
330
363
371
429
465
486
495
3030
3035
3057
621
631
654
744
774
1028
1128
1181
1226
1237
3137
2261
1346
3160
1413
3189
1527
3225
1777
4121
4195
3375
4326
80
188
215
249
250
255
268
291
347
350
440
446
473
476
3013
2018
2020
2021
2022
2023
2019
2024
555
560
582
797
824
929
946
993
1064
1078
1116
1151
1158
1175
1187
1212
1225
1283
1288
1333
2345
1370
2409
1419
1569
3242
1622
1648
3278
1717
1772
3304
1830
3310
1900
1921
1941
1982
1990
4009
4069
4113
4131
4182
4290
75
100
114
173
198
203
372
407
439
466
516
3017
535
538
3071
579
620
667
672
713
779
867
989
995
1006
1023
1054
1253
1256
1270
2292
1328
1403
1412
1463
1524
3232
1631
1635
3267
1667
1673
1676
1708
1728
3281
1736
1742
1748
1749
1760
1773
1809
3303
1822
1847
1934
3317
1961
1980
3325
4012
4130
4144
4200
4238
3374
4250
4317
508
562
634
783
800
811
854
1192
1194
1430
1447
1532
1541
1611
4235
14
108
135
210
271
302
318
368
430
3006
456
3010
499
3032
3063
3077
577
599
618
3084
678
683
3087
703
741
787
859
888
895
906
939
967
968
1009
1051
1178
3132
1251
1265
1360
1365
1382
1398
1436
1443
1459
1470
1550
1594
3213
1604
1753
1764
3291
1794
1837
1906
1916
1972
3320
1983
3348
4081
4101
4175
4205
4248
4268
4295
4314
3393
4350
5
172
182
2007
2009
2012
417
472
2026
3050
558
2037
640
2047
2048
2049
761
777
2110
2111
1105
1113
2191
1183
2266
2314
2317
2318
2320
2321
2326
1340
1350
1377
1385
1424
2483
2484
2485
2488
2489
2490
2492
2494
3253
2652
2669
2671
2718
2721
2723
2730
1767
2837
1922
1996
2950
2987
2988
2989
4074
5008
5016
4127
5035
5047
4172
4198
4271
5143
4275
5194
5197
5207
5208
5209
5210
5211
5212
28
37
56
87
107
130
179
234
394
428
3033
3049
542
605
699
724
2059
818
827
844
3110
1003
1073
1087
1103
1127
1134
1200
1211
1240
3141
1291
3146
1292
1312
1448
1457
1490
1546
1553
3222
3254
1608
2773
1801
1871
3314
1942
1969
2936
3327
4019
4146
4153
4167
3380
4285
5161
5164
4364
4103
79
195
216
220
256
287
335
434
469
475
3012
501
3016
3061
554
3065
581
658
825
1001
1032
1050
1118
1157
1174
1220
1279
1334
1353
1376
2435
1431
1483
3196
1515
1597
3247
1616
1621
1645
1713
1726
1725
1829
1879
3309
1901
1907
3318
1981
1986
3364
4118
4128
4154
4190
4323
4123
98
131
134
156
174
221
228
303
308
406
467
500
3022
552
625
716
718
873
908
954
983
998
1027
1123
1190
1286
1373
1394
1480
1517
1590
3245
1627
2655
2660
2661
1674
1706
1714
1721
1739
1765
1770
1779
1853
1864
1878
1902
1924
1945
2900
3323
4013
4014
5009
4156
4179
4183
4185
4225
4321
4325
4375
11
327
399
411
549
3073
771
789
876
917
923
3101
1077
1144
1199
1231
1305
3166
3177
1489
3193
3207
3208
3211
3258
1610
1643
1695
1782
1787
1799
3297
1812
1892
1913
4006
3333
4026
3344
4049
4065
3360
4095
4105
4139
4209
5123
4316
4329
4355
4371
4370
41
124
205
245
310
402
3005
477
519
528
3083
701
749
936
973
3106
1088
1145
1189
1206
3148
1295
1337
3156
3169
2411
3181
3188
1530
1563
1588
3257
1653
1694
2695
1867
1873
1889
1897
1954
3332
4021
4033
4039
4048
4070
3354
4086
4231
4264
4368
27
38
202
346
353
361
380
2015
3034
2025
571
589
692
722
731
945
992
2177
1202
2213
3128
1301
2295
2296
3154
1329
2297
2304
2310
2364
2398
2402
2404
2408
2414
2415
2416
2424
2459
2467
2472
1514
2518
2522
3229
2600
2631
2636
2644
2647
1659
2682
1690
2741
2762
2777
1783
2818
2842
2843
1936
2866
1962
2880
2897
2917
2918
2933
2934
2935
4047
2978
2979
2981
2982
4079
5026
4148
4152
4197
4199
5127
5134
5184
5239
5240
4352
4147
4151
19
36
48
63
121
142
187
258
3041
2032
2042
645
2045
723
759
2106
2183
2185
2188
2190
1153
2264
2265
1281
2267
2268
2271
2356
2312
2316
2366
2371
2420
2438
2441
2446
2469
2476
2479
2499
2524
2531
2536
2550
1540
3202
3204
1583
2563
2567
2568
2578
2581
3243
1629
2648
2649
2650
2664
2670
2679
2704
2705
2709
2713
2717
1738
2822
2847
2969
2972
2973
2974
2977
5034
4202
5138
5141
5154
5156
4303
4307
5190
5191
5193
5242
26
45
52
129
158
204
233
275
290
311
338
367
401
447
3004
487
494
512
515
520
3027
527
3066
3080
702
725
733
734
750
792
801
898
918
974
3107
984
2115
1083
1095
1146
1148
1196
1222
1233
1244
3136
3138
2269
3149
1296
1335
3155
3157
1391
3170
1404
1415
3173
3184
1467
3186
1486
3195
1534
1565
1564
1589
3262
1650
3268
1665
1670
3273
1692
1710
1724
3299
1827
1857
1869
1899
1943
1957
1993
3328
4020
3341
4031
3351
4085
4111
4129
4180
4204
4322
4348
57
90
167
191
238
243
266
345
362
377
390
421
436
445
480
3029
3055
630
642
653
738
796
831
870
951
1065
1097
1122
1164
1227
1321
1339
1343
1390
1444
1453
1478
1484
3187
1507
1519
1556
3198
1580
3250
1651
1656
1720
3286
1805
4002
3346
4077
4098
4360
35
54
74
92
95
104
241
297
2003
314
317
392
404
409
419
441
453
474
491
497
504
3020
576
649
662
685
693
704
709
778
794
866
905
987
991
1024
3115
1048
1058
1066
2118
2119
2120
3118
2136
2140
2144
2173
2226
2243
2247
1272
2341
2342
2343
1349
3158
1355
1384
1395
1401
1452
1465
2482
3219
2587
2588
2589
2590
2592
2594
2595
2597
2599
2601
2602
2603
2604
2605
2606
2607
2608
2615
2616
1623
2618
2625
2626
2627
2628
2623
2624
2634
2635
2633
1637
3272
1677
1678
1707
1712
1718
1723
3280
1735
2746
2756
1752
1754
1756
2769
1775
1803
1820
1823
2799
2808
2809
2811
2812
2813
1846
3305
3308
1876
1883
1917
1926
3316
2868
2869
2871
2872
2874
2879
2883
2887
2890
1970
1985
1988
1989
2932
2938
2939
2940
2941
2942
2943
2944
2945
2946
2947
2948
2951
2953
2954
2956
4064
2997
5001
2998
2999
5000
5002
5003
4078
4109
4117
4164
5052
4222
5117
4247
5118
4256
5119
5122
4274
4299
5168
5169
5177
4315
4324
5230
5231
5232
4373
49
60
69
136
144
184
301
319
2008
2010
2011
2013
2014
413
3039
2030
2034
2035
2036
2041
2043
2046
2060
2062
2063
2064
2066
2069
853
2075
2081
2082
2083
2084
985
1004
1036
2112
1061
1099
1107
2187
2189
1149
1160
1221
2375
2380
1405
2443
2444
2445
2448
2452
2453
2454
2455
2493
2495
2496
1510
2539
2549
2579
3228
1632
2657
2659
1672
1683
2712
2727
1733
2787
1824
2829
2838
1956
1964
4055
5036
5037
5039
5046
4169
5056
5060
5066
5073
5080
5092
5096
5097
5102
5107
5114
4258
5126
5153
4296
5195
4328
5196
5198
5203
5243
5255
5256
40
51
58
61
89
206
273
312
340
355
400
485
513
523
3026
537
3081
629
641
721
737
745
754
766
3105
1015
1085
1093
1120
1130
1138
1150
1219
1289
1294
1298
1383
3180
1485
1497
1538
1555
1557
1587
3235
1649
1684
1898
4003
3339
4025
3340
4030
3356
4099
4149
3367
4267
4292
62
170
296
3002
455
483
597
736
746
768
805
842
931
1068
1136
3124
3130
1247
3151
1372
1396
1501
1552
1613
1798
3306
1919
1946
4004
3326
4017
4040
3384
4336
3391
4339
882
23
39
3058
548
748
913
3094
3102
1091
3123
3182
3203
3255
1704
1894
3311
3334
4027
3355
4089
4107
4212
29
44
3047
700
843
881
1140
1243
3145
1299
1313
2388
2426
1451
1509
1543
1547
1566
3233
1625
2816
3369
4166
3373
4241
3378
4286
5162
3386
4346
20
99
132
197
257
336
2016
2017
3015
511
717
2056
2057
764
2061
2068
2076
948
999
1031
2109
1045
1052
1075
1156
1161
1173
1218
1280
1330
2319
2324
1375
2369
2434
2458
2513
1531
2557
2565
2569
1596
3234
1620
1647
2658
1702
2710
2716
1759
1774
1811
1844
1886
1887
1915
1914
1929
1938
1947
1984
2996
5010
4115
4125
4137
4155
4186
4233
4298
5229
4237
151
263
306
331
366
382
395
424
459
533
544
585
666
668
708
858
889
910
3095
1010
1022
1057
1167
1171
1197
1215
1235
1260
1262
2250
1275
1331
2346
2347
2348
1387
2387
2389
1408
1441
1456
1464
1482
1568
3217
1634
1745
1821
1839
1851
1856
1909
1937
1965
1974
3321
1978
1979
4005
4060
4171
4189
4211
5159
5160
5165
5167
4293
4320
2
9
18
72
85
93
103
118
159
199
218
222
232
244
246
286
292
313
320
333
365
393
398
454
457
462
510
561
575
580
587
595
603
627
632
646
648
655
659
689
696
726
727
763
772
793
802
2067
816
823
828
836
850
863
900
930
937
949
960
970
2090
3113
2091
2092
1026
2100
1041
1056
2117
3117
2121
2122
2123
2124
2125
2126
2127
2128
2129
2130
2131
2132
2133
2134
2135
2137
2138
2139
2141
2142
2143
2145
2146
2147
2148
2149
2150
2151
2152
2153
2154
2155
2157
2158
2159
2156
2160
2161
2162
2163
2164
2165
2166
2167
2168
2169
2170
2171
2172
2174
2175
2179
2184
1179
2198
2199
2202
2210
3127
2216
2217
2218
2219
2220
2221
2222
2223
2224
2227
2228
2229
2230
2232
2231
2233
2234
2235
1239
2238
2239
2240
2241
2242
2244
2245
2246
1245
1257
2249
1274
2270
1287
2272
2285
2273
2274
2284
3142
2275
2282
2286
2287
2289
2290
2291
1323
2322
2325
2327
2328
2329
2331
2332
2330
2333
2334
2335
2336
2340
2344
2351
2352
1356
1379
1425
1434
1439
3171
1479
3216
3261
1606
2591
2593
2598
2596
2610
2611
2609
2612
2614
2617
1624
2619
2620
2621
2622
2629
2639
2651
1658
2666
2667
2675
2680
1697
1709
3277
1730
2742
2743
2744
2745
2747
2748
2749
2750
2751
2752
3284
2753
2754
2755
2757
2758
2759
2761
2764
2767
2768
2774
1780
2785
3290
3294
1791
2794
2795
2796
2797
2798
2800
2801
2802
2803
2804
2814
2815
2805
2806
2807
2810
3313
1931
2862
2863
2864
2865
2867
2870
2881
2882
2884
2885
2886
2891
2892
2888
2889
2893
2894
2895
2896
2898
2899
2901
2903
2904
2905
2906
2908
2910
2913
2911
2912
2914
2916
2922
2924
2925
2926
2928
2929
2927
2930
2931
1999
2937
2949
2952
2957
2958
2959
2960
2962
2963
2964
2965
2967
2968
4029
2976
3363
4136
4159
5053
4223
5116
4245
4255
4266
4269
4272
4332
5233
5234
5235
5237
4377
5258
5264
3024
680
720
760
820
2107
2108
1285
2381
2437
2480
2521
1576
2564
1598
3223
2703
2707
2715
2831
2859
1955
4011
4053
2983
2986
2990
2991
2994
4088
5044
5065
5130
4311
5185
5206
5248
68
123
149
274
339
358
359
3018
525
530
3046
543
593
606
707
755
847
944
3112
1007
1014
1021
1059
1086
1098
1135
1242
1290
3147
1293
1318
1386
3168
1392
2390
2393
2394
2397
1406
1411
1458
1491
1502
1525
1544
1570
3240
2637
1655
1661
1862
1874
1905
2861
2860
3329
4024
4042
4045
4072
3359
4092
4262
4291
171
298
3001
451
3042
602
681
729
841
1067
1126
3129
1248
3152
1309
1503
1567
1807
1939
1948
1949
3383
4335
3390
4340
160
164
277
397
518
3053
712
840
875
938
990
1063
1101
1124
1184
1201
1228
1307
1336
1358
3167
1428
1488
1559
1698
1715
1778
1784
1790
1816
1951
1995
4001
3338
4022
4043
4066
4120
4140
4163
4178
4207
4232
4330
4356
4380
50
70
137
146
185
196
2002
300
322
328
334
414
492
3037
545
3070
2033
612
623
3086
676
2058
757
762
769
784
2070
822
852
883
896
2079
922
2085
981
2101
2103
2104
2105
1037
1079
1100
2186
1152
1159
1172
1182
2192
2193
2194
2225
2237
2248
1252
1255
2311
2313
2323
1361
2368
2372
2373
2374
2376
2377
2378
2379
2449
2451
2477
2481
2498
1499
2527
2537
2538
2543
2546
2572
2575
3227
1641
2663
2668
2674
1671
1682
2711
2714
2731
1734
2783
2784
1817
1825
2823
2826
2827
2848
2854
1963
2966
4056
5005
5011
5012
5013
5015
5017
5018
5020
4083
5038
5042
5048
3370
4168
5058
5059
5061
5062
5063
5064
3371
5071
5072
4188
5087
5090
5094
5100
5098
5101
5103
5104
5106
3372
5108
5109
5113
4242
4243
4249
4253
5142
5148
5149
5152
4309
5182
5187
5200
5253
5254
5257
5261
192
260
264
352
376
431
482
496
3014
3048
559
3069
2039
626
710
3091
770
775
874
877
912
959
963
964
994
1131
1180
1236
1238
1284
1332
3163
1369
1429
1432
1526
3249
1719
3285
1768
1933
1944
1966
4076
4141
4276
4288
4343
21
67
117
125
147
165
224
278
279
323
344
349
416
426
481
3021
531
3051
3052
569
628
706
753
3109
1060
1084
1096
1115
1132
1137
1168
1229
1319
1378
2391
2392
1410
1455
1474
1496
1500
1522
1536
1558
1574
3221
1696
1769
1838
1881
1893
1903
1918
4059
4061
3345
4071
3358
4093
4132
3366
4210
4219
4220
4221
4236
4273
4331
4359
4378
155
3043
557
591
740
3092
1268
2315
1351
2367
2370
2382
2427
2436
2460
2512
1599
2654
2665
2719
1923
4007
2992
2993
2995
5014
4227
5115
5136
5139
4306
4327
5241